20
30
1 1 4 1 1 2 2 2 3 4 4 4 4 3 1 1 1 4 4 4 4 4 1 1 1 1 1 1 1 1 
1 1 4 4 2 2 2 3 2 4 4 4 3 4 3 1 3 1 4 4 1 4 1 1 1 1 1 1 1 1 
1 1 1 4 4 4 2 1 2 3 3 4 4 4 3 3 3 4 4 4 1 1 1 1 1 1 1 1 1 1 
1 1 4 4 4 4 3 2 1 3 3 1 4 1 2 2 2 4 4 4 4 1 1 1 1 1 1 1 1 1 
1 1 1 4 3 3 3 3 3 1 1 1 1 1 3 2 5 3 4 4 4 4 1 1 4 1 1 1 1 1 
1 1 1 2 3 3 3 3 3 1 1 1 1 1 2 2 3 2 4 1 4 1 1 1 4 1 1 1 1 1 
1 1 1 2 1 3 3 1 3 1 1 1 1 1 1 2 2 2 2 4 4 4 1 1 4 4 1 1 1 1 
4 1 4 4 2 1 3 3 3 1 1 1 1 1 2 2 2 2 4 4 4 4 1 4 4 1 1 1 1 1 
4 4 4 4 4 4 4 4 3 1 1 1 1 2 2 2 2 4 4 4 4 4 4 4 4 4 1 1 1 1 
4 4 4 4 4 4 6 4 1 1 2 2 2 1 1 1 1 2 2 2 2 2 2 4 4 4 1 1 1 1 
4 4 4 4 4 4 4 4 4 1 1 2 1 1 1 1 2 3 1 1 2 4 4 4 4 4 4 1 1 1 
4 4 3 1 4 4 4 4 1 1 1 1 1 1 1 3 2 3 2 3 4 4 4 4 4 1 1 1 1 1 
3 4 1 1 1 1 4 4 4 1 1 2 1 1 3 2 2 2 2 2 2 1 2 4 2 1 1 1 1 1 
2 2 1 1 1 1 4 1 3 3 1 2 2 4 4 1 1 3 2 2 2 2 2 1 1 4 1 4 1 1 
2 2 2 1 1 1 4 4 4 3 3 1 2 2 4 4 3 3 3 2 3 1 1 3 1 2 4 4 4 1 
2 2 3 3 1 1 3 4 3 3 1 1 2 4 2 4 4 3 1 3 3 1 3 3 2 4 4 4 1 1 
3 2 3 3 1 4 1 3 1 3 1 1 2 4 4 4 4 4 1 1 1 3 1 1 3 2 4 4 4 3 
3 4 4 4 4 4 4 1 1 1 1 1 2 2 4 4 2 1 1 1 3 3 1 1 2 2 2 4 3 3 
3 3 1 1 4 4 1 1 1 1 1 1 1 4 4 4 4 2 1 1 1 1 1 1 2 2 2 2 2 3 
3 3 1 4 4 4 1 1 1 1 1 1 1 4 4 4 2 2 2 1 1 1 2 2 2 2 2 1 1 3 
10 15 Rabbit true
5 12 Rabbit true
12 17 Lynx true
8 14 Titan true
12 19 Panther true
5 14 Giant true
10 19 Titan true
9 16 Octopus true
13 10 Rabbit false
7 7 Rabbit false
15 12 Giant false
11 9 Lynx false
4 7 Bison false
14 8 Bison false
17 13 Octopus false
2 7 Octopus false
